[{"id": 0, "img_name": "color_0000", "width": 1536, "height": 1024, "position": [-0.0021069943904876705, -1.01373815536499, 1.0398448705673213], "rotation": [[0.9999978542327881, -0.0014882382238283758, 0.0014508770545944567], [-0.0020784360822290178, -0.7160359621047974, 0.6980604529380796], [3.105317962103497e-19, -0.6980620026588438, -0.7160375714302063]], "fy": 2133.333179892035, "fx": 2133.333179892035}, {"id": 1, "img_name": "color_0001", "width": 1536, "height": 1024, "position": [0.0074472129344940186, -1.013713002204895, 1.0398448705673218], "rotation": [[0.9999730587005616, 0.005260206758975983, -0.00512815359979868], [0.007346272468566896, -0.7160181999206542, 0.698043167591095], [6.210635924206996e-19, -0.698062002658844, -0.7160375714302065]], "fy": 2133.333179892035, "fx": 2133.333179892035}, {"id": 2, "img_name": "color_0000", "width": 1536, "height": 1024, "position": [0.07577209174633026, -0.8170379996299744, 1.1981878280639648], "rotation": [[0.9957272410392761, 0.0761902779340744, -0.05217668414115906], [0.09234373271465302, -0.8215472698211671, 0.5626125931739807], [-3.725290298233673e-09, -0.5650269389152527, -0.8250725269317626]], "fy": 2133.333179892035, "fx": 2133.333179892035}, {"id": 3, "img_name": "color_0001", "width": 1536, "height": 1024, "position": [0.09115854650735856, -0.8154646754264833, 1.1981878280639648], "rotation": [[0.9938098192214966, 0.09166165441274643, -0.06277181208133699], [0.11109526455402373, -0.8199653029441833, 0.5615292787551881], [-0.0, -0.5650269389152527, -0.8250726461410525]], "fy": 2133.333179892035, "fx": 2133.333179892035}]