{
  "camera_angle_x": 1.0471975803375244,
  "camera_angle_y": 0.8172757347349127,
  "fl_x": 886.809983634957,
  "fl_y": 886.809983634957,
  "k1": 0.0,
  "k2": 0.0,
  "p1": 0.0,
  "p2": 0.0,
  "cx": 512.0,
  "cy": 384.0,
  "w": 1024.0,
  "h": 768.0,
  "aabb_scale": 16,
  "hypersim_camera": "cam_00",
  "frames": [
    {
      "file_path": "images/frame.0041.tonemap.jpg",
      "transform_matrix": [
        [
          -0.5934888854399246,
          -0.2597259549464738,
          0.7617830210672972,
          0.7814087303975148
        ],
        [
          0.7886818807913402,
          0.0010424235224998498,
          0.6148006215551787,
          1.8613582290506883
        ],
        [
          -0.1604737790753059,
          0.9656818014648211,
          0.20422248786298705,
          0.4011825599054277
        ],
        [
          0.0,
          0.0,
          0.0,
          1.0
        ]
      ]
    },
    {
      "file_path": "images/frame.0047.tonemap.jpg",
      "transform_matrix": [
        [
          0.7549467319227988,
          -0.3253911227637394,
          0.5693646012755262,
          0.1419133094024887
        ],
        [
          0.6557806377678347,
          0.3710406868494407,
          -0.6574804665015588,
          -0.8665598052214449
        ],
        [
          0.0026808744651402026,
          0.8697410108353225,
          0.4935011519573726,
          0.32926414770049695
        ],
        [
          0.0,
          0.0,
          0.0,
          1.0
        ]
      ]
    },
    {
      "file_path": "images/frame.0037.tonemap.jpg",
      "transform_matrix": [
        [
          -0.2646973292474404,
          -0.23606307804051319,
          0.9349917363673921,
          2.2740744732841245
        ],
        [
          0.9633169588600826,
          -0.02026383735561059,
          0.26760010027686315,
          0.5632263803216832
        ],
        [
          -0.044223982880717536,
          0.9715264278863771,
          0.23276735006547217,
          0.529509476678065
        ],
        [
          0.0,
          0.0,
          0.0,
          1.0
        ]
      ]
    },
    {
      "file_path": "images/frame.0044.tonemap.jpg",
      "transform_matrix": [
        [
          -0.647383397472407,
          0.3667920914209543,
          -0.6681005151533157,
          -0.949321923922015
        ],
        [
          -0.7596346690981806,
          -0.23915708594310442,
          0.6047801730772103,
          0.30571611597724124
        ],
        [
          0.06204761221176282,
          0.8990369569234877,
          0.4334543158218335,
          0.42803906965772676
        ],
        [
          0.0,
          0.0,
          0.0,
          1.0
        ]
      ]
    },
    {
      "file_path": "images/frame.0005.tonemap.jpg",
      "transform_matrix": [
        [
          0.5198121106411234,
          0.6833440111020948,
          -0.5126756597710883,
          -1.6051567520533327
        ],
        [
          -0.8542442362261756,
          0.4102446926092224,
          -0.31932127561489304,
          0.3167116161734367
        ],
        [
          -0.007883812857898112,
          0.6039372936628975,
          0.7969928423881589,
          0.2976323167374626
        ],
        [
          0.0,
          0.0,
          0.0,
          1.0
        ]
      ]
    },
    {
      "file_path": "images/frame.0086.tonemap.jpg",
      "transform_matrix": [
        [
          -0.32152167182849556,
          -0.24896147736353233,
          0.9135874327800141,
          1.9914923042260293
        ],
        [
          0.9461554006881935,
          -0.04615692852713705,
          0.3204052054781644,
          0.4453261576305598
        ],
        [
          -0.03760016347269221,
          0.9674129008535644,
          0.25039669919733104,
          0.6026135645087862
        ],
        [
          0.0,
          0.0,
          0.0,
          1.0
        ]
      ]
    },
    {
      "file_path": "images/frame.0080.tonemap.jpg",
      "transform_matrix": [
        [
          -0.9264243868426137,
          -0.009527461802333603,
          0.3763603099888352,
          0.4556381236535856
        ],
        [
          0.3643942257144049,
          -0.27396369843478086,
          0.8900341230570522,
          0.812885511516504
        ],
        [
          0.09462929635840232,
          0.961692840470148,
          0.25727840340606156,
          0.2155094863822391
        ],
        [
          0.0,
          0.0,
          0.0,
          1.0
        ]
      ]
    },
    {
      "file_path": "images/frame.0094.tonemap.jpg",
      "transform_matrix": [
        [
          -0.4963612122201924,
          0.7067713554510074,
          -0.5040831261977006,
          -0.7631302748792648
        ],
        [
          -0.8678384262155526,
          -0.41866522958221764,
          0.2675367106073143,
          -0.5709145615212121
        ],
        [
          -0.021954794169246904,
          0.5702575529116776,
          0.82117252167871,
          0.6559075864627801
        ],
        [
          0.0,
          0.0,
          0.0,
          1.0
        ]
      ]
    },
    {
      "file_path": "images/frame.0002.tonemap.jpg",
      "transform_matrix": [
        [
          -0.2837629518119588,
          -0.5427397837913644,
          0.7905138292712324,
          0.4623042710460874
        ],
        [
          0.9567285828126851,
          -0.10487035322849815,
          0.27142702121004997,
          -1.623341205234898
        ],
        [
          -0.06441277829898978,
          0.8333281083125861,
          0.5490129851724567,
          0.447587028660013
        ],
        [
          0.0,
          0.0,
          0.0,
          1.0
        ]
      ]
    },
    {
      "file_path": "images/frame.0065.tonemap.jpg",
      "transform_matrix": [
        [
          -0.132157750010769,
          -0.7224436084453052,
          0.6786822244089038,
          -0.23320534348204047
        ],
        [
          0.9909859243214438,
          -0.11145062278858153,
          0.07433475954633087,
          0.8936357791878901
        ],
        [
          0.021936884666346815,
          0.6823884460456258,
          0.7306605106303279,
          0.2868428339004896
        ],
        [
          0.0,
          0.0,
          0.0,
          1.0
        ]
      ]
    },
    {
      "file_path": "images/frame.0074.tonemap.jpg",
      "transform_matrix": [
        [
          0.9122480239981945,
          -0.20500981184119582,
          0.35464703545952153,
          -0.21285918458360342
        ],
        [
          0.40962372472512987,
          0.46383737747820386,
          -0.7855337620983922,
          -0.9351510619083669
        ],
        [
          -0.0034564220952659867,
          0.8618734618857805,
          0.5071116137925847,
          0.601394500735887
        ],
        [
          0.0,
          0.0,
          0.0,
          1.0
        ]
      ]
    },
    {
      "file_path": "images/frame.0060.tonemap.jpg",
      "transform_matrix": [
        [
          -0.93805901793511,
          -0.05448387408365971,
          0.3421648525717584,
          1.3096076021243772
        ],
        [
          0.34638140153217,
          -0.12445554781723242,
          0.9298014526177738,
          1.9101290984052992
        ],
        [
          -0.008074871096609924,
          0.9907281787061214,
          0.1356188496280095,
          0.28361510942789026
        ],
        [
          0.0,
          0.0,
          0.0,
          1.0
        ]
      ]
    },
    {
      "file_path": "images/frame.0064.tonemap.jpg",
      "transform_matrix": [
        [
          0.32468448922426346,
          -0.22193676127468515,
          0.919415062119434,
          -0.13106324308551853
        ],
        [
          0.9230741590689477,
          -0.13755893711618636,
          -0.35918189776020204,
          -0.10310404903498971
        ],
        [
          0.20618942581115607,
          0.9653090763140937,
          0.1602008360443142,
          0.08070726063275924
        ],
        [
          0.0,
          0.0,
          0.0,
          1.0
        ]
      ]
    },
    {
      "file_path": "images/frame.0098.tonemap.jpg",
      "transform_matrix": [
        [
          -0.5018352021373045,
          -0.12091221643702092,
          0.8564704699008003,
          1.8190149065958083
        ],
        [
          0.8620616526538507,
          -0.15095298326118073,
          0.4838004794006113,
          0.4199738568098714
        ],
        [
          0.0707893842290099,
          0.9811184601060347,
          0.17998730599584212,
          0.35553825556450747
        ],
        [
          0.0,
          0.0,
          0.0,
          1.0
        ]
      ]
    },
    {
      "file_path": "images/frame.0090.tonemap.jpg",
      "transform_matrix": [
        [
          0.3204194683342857,
          -0.31557487782611576,
          0.8931650803728312,
          0.832956167064451
        ],
        [
          0.9460880873361278,
          0.05941027709208654,
          -0.3184144311687349,
          -0.9002509432026848
        ],
        [
          0.04742041030022003,
          0.9470390253104007,
          0.317597841973281,
          0.5379891574699247
        ],
        [
          0.0,
          0.0,
          0.0,
          1.0
        ]
      ]
    },
    {
      "file_path": "images/frame.0050.tonemap.jpg",
      "transform_matrix": [
        [
          -0.38578224986816856,
          -0.33551344630438357,
          0.8594200271320245,
          0.34017955131340694
        ],
        [
          0.9221532187381078,
          -0.16888531553780156,
          0.3480103322699551,
          0.4371065787107167
        ],
        [
          0.028381276532271665,
          0.9267731532282606,
          0.3745477614373713,
          0.23417076666180803
        ],
        [
          0.0,
          0.0,
          0.0,
          1.0
        ]
      ]
    },
    {
      "file_path": "images/frame.0091.tonemap.jpg",
      "transform_matrix": [
        [
          -0.9858718902802397,
          -0.07035492889174398,
          0.15200921003644838,
          -0.6656516561755634
        ],
        [
          0.1505873476158745,
          -0.7696792493144247,
          0.6204170403146576,
          0.33558769318147186
        ],
        [
          0.07334893791516832,
          0.6345423840496561,
          0.7693996985645988,
          0.6400889761101629
        ],
        [
          0.0,
          0.0,
          0.0,
          1.0
        ]
      ]
    },
    {
      "file_path": "images/frame.0015.tonemap.jpg",
      "transform_matrix": [
        [
          -0.45032451031676457,
          -0.4358818699608564,
          0.7792399058360611,
          1.8508416653974873
        ],
        [
          0.8900316089816587,
          -0.14967084833205388,
          0.43063020350770026,
          1.917896768288958
        ],
        [
          -0.07107440060588746,
          0.8874714826961994,
          0.455349093531022,
          0.5366806708637548
        ],
        [
          0.0,
          0.0,
          0.0,
          1.0
        ]
      ]
    },
    {
      "file_path": "images/frame.0078.tonemap.jpg",
      "transform_matrix": [
        [
          -0.916950371151431,
          -0.05351069413934299,
          0.3953967911579188,
          1.9354752415601135
        ],
        [
          0.3972004293720375,
          -0.2164633321832234,
          0.8918382391032605,
          0.6752124726497951
        ],
        [
          0.03786602371417236,
          0.9748231795730246,
          0.21974060347422494,
          0.3517396791966445
        ],
        [
          0.0,
          0.0,
          0.0,
          1.0
        ]
      ]
    },
    {
      "file_path": "images/frame.0024.tonemap.jpg",
      "transform_matrix": [
        [
          0.06754340213233463,
          0.6031572748290194,
          -0.7947573155682308,
          1.318375255971421
        ],
        [
          -0.9890647694747731,
          0.1451534211844139,
          0.02610299029371999,
          1.1304856518200226
        ],
        [
          0.13110595185651802,
          0.7843033763406166,
          0.6063657668837394,
          0.294543666246331
        ],
        [
          0.0,
          0.0,
          0.0,
          1.0
        ]
      ]
    },
    {
      "file_path": "images/frame.0054.tonemap.jpg",
      "transform_matrix": [
        [
          -0.9533142440972081,
          -0.04602081682415112,
          -0.2984527373307315,
          -0.14016349091352787
        ],
        [
          -0.275617212120395,
          -0.2712581011463562,
          0.9222007346263906,
          1.100200313774753
        ],
        [
          -0.12339815389360513,
          0.9614058076490444,
          0.24591008241700663,
          0.4927122504271342
        ],
        [
          0.0,
          0.0,
          0.0,
          1.0
        ]
      ]
    },
    {
      "file_path": "images/frame.0063.tonemap.jpg",
      "transform_matrix": [
        [
          -0.9497942898648224,
          0.161439230070123,
          -0.26800780200311997,
          -1.7097275069395559
        ],
        [
          -0.30980739400579094,
          -0.6049340842417504,
          0.7335353654336888,
          1.0782138759541517
        ],
        [
          -0.04370566964958073,
          0.7797385002146301,
          0.6245780061157462,
          0.10895174217231829
        ],
        [
          0.0,
          0.0,
          0.0,
          1.0
        ]
      ]
    },
    {
      "file_path": "images/frame.0077.tonemap.jpg",
      "transform_matrix": [
        [
          -0.7085866752187844,
          -0.33330567227432817,
          0.6219423225124234,
          0.522913213542612
        ],
        [
          0.6917591414622825,
          -0.15426223587741267,
          0.7054590369294786,
          -0.1069308151749202
        ],
        [
          -0.1391912853082226,
          0.9301131605411569,
          0.3398754105291898,
          0.6635992108869093
        ],
        [
          0.0,
          0.0,
          0.0,
          1.0
        ]
      ]
    },
    {
      "file_path": "images/frame.0059.tonemap.jpg",
      "transform_matrix": [
        [
          0.33966132911636693,
          -0.2500605179086856,
          0.906697258673557,
          0.3487176864481478
        ],
        [
          0.9391843329519192,
          0.03828514358694631,
          -0.34127267180098897,
          0.2219505592467863
        ],
        [
          0.05062578632042845,
          0.9674729893716759,
          0.24785690346583344,
          0.22154357157462723
        ],
        [
          0.0,
          0.0,
          0.0,
          1.0
        ]
      ]
    },
    {
      "file_path": "images/frame.0043.tonemap.jpg",
      "transform_matrix": [
        [
          -0.31758985169906223,
          -0.293320625466385,
          0.9017204094251037,
          0.8620878892100241
        ],
        [
          0.9415348914317194,
          0.015241423322423633,
          0.336570567982061,
          -0.24626318231956335
        ],
        [
          -0.1124665919925917,
          0.9558926245615225,
          0.2713310818805256,
          0.6904512406928225
        ],
        [
          0.0,
          0.0,
          0.0,
          1.0
        ]
      ]
    },
    {
      "file_path": "images/frame.0069.tonemap.jpg",
      "transform_matrix": [
        [
          0.2813183716941273,
          0.1349747172879826,
          -0.9500746283531595,
          -1.933657095374231
        ],
        [
          -0.9419563915620266,
          0.22789759317180133,
          -0.2465377119670461,
          -0.2644538912178538
        ],
        [
          0.18324336316170053,
          0.9642844563299408,
          0.1912520774727946,
          0.3307719049426914
        ],
        [
          0.0,
          0.0,
          0.0,
          1.0
        ]
      ]
    },
    {
      "file_path": "images/frame.0070.tonemap.jpg",
      "transform_matrix": [
        [
          0.029184835301065692,
          0.49586342190233124,
          -0.8679099678006702,
          -0.82215009442273
        ],
        [
          -0.9988296306086913,
          -0.019036403641721718,
          -0.04446329221385314,
          -0.3786460946791532
        ],
        [
          -0.03856960469793175,
          0.8681918464001492,
          0.4947275042260589,
          0.5538862782987657
        ],
        [
          0.0,
          0.0,
          0.0,
          1.0
        ]
      ]
    },
    {
      "file_path": "images/frame.0026.tonemap.jpg",
      "transform_matrix": [
        [
          0.25008890628246483,
          0.32779888133889007,
          -0.9110452416578514,
          -1.91319170847507
        ],
        [
          -0.956445651604315,
          -0.06267544112294919,
          -0.28510262118619817,
          -1.1873037187682616
        ],
        [
          -0.15055648269549074,
          0.9426662625091746,
          0.2978473821361308,
          0.6688738937742622
        ],
        [
          0.0,
          0.0,
          0.0,
          1.0
        ]
      ]
    },
    {
      "file_path": "images/frame.0045.tonemap.jpg",
      "transform_matrix": [
        [
          -0.33816813176523214,
          -0.10711572641217859,
          0.9349698047603484,
          0.9835651617700623
        ],
        [
          0.9313085041833582,
          -0.18092938496278013,
          0.31611552902814843,
          0.3191641428378138
        ],
        [
          0.13530256721204018,
          0.9776455282013935,
          0.1609423390337357,
          0.12224156963751831
        ],
        [
          0.0,
          0.0,
          0.0,
          1.0
        ]
      ]
    },
    {
      "file_path": "images/frame.0029.tonemap.jpg",
      "transform_matrix": [
        [
          0.2852256776340457,
          0.32084256141489054,
          -0.9031646381490651,
          -1.4276838175708173
        ],
        [
          -0.9584348135715306,
          0.102359639409967,
          -0.2663178783971644,
          -0.053092620167734195
        ],
        [
          0.007001496433246039,
          0.9415851289206907,
          0.3367022780485774,
          0.40278758969978856
        ],
        [
          0.0,
          0.0,
          0.0,
          1.0
        ]
      ]
    },
    {
      "file_path": "images/frame.0028.tonemap.jpg",
      "transform_matrix": [
        [
          0.3330813983353914,
          0.4342195640230227,
          -0.8369648453206362,
          -1.7548298101605173
        ],
        [
          -0.9108725184307784,
          -0.08119980382482411,
          -0.40462062110868885,
          -1.173185928544885
        ],
        [
          -0.2436555709408494,
          0.8971398787694516,
          0.3684725236310335,
          0.6941162624867929
        ],
        [
          0.0,
          0.0,
          0.0,
          1.0
        ]
      ]
    },
    {
      "file_path": "images/frame.0007.tonemap.jpg",
      "transform_matrix": [
        [
          -0.48478691748142455,
          -0.49544519039590756,
          0.7207743807547696,
          0.638184871639301
        ],
        [
          0.8742432875535611,
          -0.29906642914911624,
          0.3824368511578587,
          -0.30265551582794537
        ],
        [
          0.02608292173817783,
          0.8155325464195526,
          0.5781231243636952,
          0.2622169298193129
        ],
        [
          0.0,
          0.0,
          0.0,
          1.0
        ]
      ]
    },
    {
      "file_path": "images/frame.0016.tonemap.jpg",
      "transform_matrix": [
        [
          -0.6773094966014208,
          -0.36793240508145975,
          0.6370852306438305,
          1.951994504195059
        ],
        [
          0.7226516439653055,
          -0.17036528570888892,
          0.6698882525463259,
          1.2841805954256698
        ],
        [
          -0.1379363885556364,
          0.9141123643821374,
          0.3812769833020703,
          0.6678851218186534
        ],
        [
          0.0,
          0.0,
          0.0,
          1.0
        ]
      ]
    },
    {
      "file_path": "images/frame.0058.tonemap.jpg",
      "transform_matrix": [
        [
          0.2560971026701302,
          -0.14702529902226236,
          0.9554045402086905,
          1.665582885885926
        ],
        [
          0.965234320246331,
          -0.014596706740860659,
          -0.26097824271560366,
          0.38733571256364097
        ],
        [
          0.05231616406587925,
          0.9890250237480019,
          0.138175690255907,
          0.273868409903
        ],
        [
          0.0,
          0.0,
          0.0,
          1.0
        ]
      ]
    },
    {
      "file_path": "images/frame.0083.tonemap.jpg",
      "transform_matrix": [
        [
          -0.9758097074969337,
          0.006899085783768606,
          0.21851273960594725,
          1.6646747215034572
        ],
        [
          0.21255753616662626,
          -0.20383754479799787,
          0.9556513742728033,
          1.6933190600711352
        ],
        [
          0.051134221158844945,
          0.9789804175498468,
          0.19744020229022743,
          0.5768113662216088
        ],
        [
          0.0,
          0.0,
          0.0,
          1.0
        ]
      ]
    },
    {
      "file_path": "images/frame.0042.tonemap.jpg",
      "transform_matrix": [
        [
          -0.2709612641358796,
          -0.5580111990987959,
          0.7843490900219174,
          -0.4666757698641084
        ],
        [
          0.9520582796739333,
          -0.03515104689874847,
          0.30389050002629653,
          0.7674008567155353
        ],
        [
          -0.14200361066605532,
          0.8290885993560917,
          0.5407837543561729,
          0.5457172459665789
        ],
        [
          0.0,
          0.0,
          0.0,
          1.0
        ]
      ]
    },
    {
      "file_path": "images/frame.0084.tonemap.jpg",
      "transform_matrix": [
        [
          -0.4559084552865192,
          -0.34111833127321056,
          0.8220618981972344,
          1.7281674531239184
        ],
        [
          0.8882950560057618,
          -0.11680725653825769,
          0.4441710912426947,
          0.5248542892690821
        ],
        [
          -0.055492106411457534,
          0.9327348759906997,
          0.3562671430775418,
          0.5980370823270635
        ],
        [
          0.0,
          0.0,
          0.0,
          1.0
        ]
      ]
    },
    {
      "file_path": "images/frame.0033.tonemap.jpg",
      "transform_matrix": [
        [
          -0.7686116364014957,
          -0.1380515551311075,
          0.6246422340140778,
          1.1936833111563563
        ],
        [
          0.6322633227978932,
          -0.015326533634706728,
          0.7746019545620263,
          1.9174881271684638
        ],
        [
          -0.09736140422560807,
          0.9903064502933561,
          0.09906508706194507,
          0.2639283252367124
        ],
        [
          0.0,
          0.0,
          0.0,
          1.0
        ]
      ]
    },
    {
      "file_path": "images/frame.0066.tonemap.jpg",
      "transform_matrix": [
        [
          0.6987383093154854,
          -0.5076550414346424,
          0.5040348539544945,
          0.8410689951833068
        ],
        [
          0.7147360884895809,
          0.5252291630099809,
          -0.46182967654152424,
          0.009476769348514047
        ],
        [
          -0.030283640889942228,
          0.6829499873561947,
          0.729837115981794,
          0.5589736191537997
        ],
        [
          0.0,
          0.0,
          0.0,
          1.0
        ]
      ]
    },
    {
      "file_path": "images/frame.0062.tonemap.jpg",
      "transform_matrix": [
        [
          -0.6543442757667898,
          -0.5743918026902886,
          0.4918410574295684,
          -0.6064654956561895
        ],
        [
          0.7494795700782558,
          -0.40611181187939405,
          0.5228322582696562,
          1.2597414082644636
        ],
        [
          -0.10056810034274317,
          0.710737119654121,
          0.6962318607613528,
          0.42523303913410304
        ],
        [
          0.0,
          0.0,
          0.0,
          1.0
        ]
      ]
    },
    {
      "file_path": "images/frame.0012.tonemap.jpg",
      "transform_matrix": [
        [
          0.35397691693922323,
          -0.5213345024388202,
          0.776473231245656,
          1.3945573629542385
        ],
        [
          0.9352217561780267,
          0.1903979972745125,
          -0.2985110875748877,
          -0.7259471972935747
        ],
        [
          0.007785181146882827,
          0.8318406934027228,
          0.5549598649936657,
          0.5858799889850799
        ],
        [
          0.0,
          0.0,
          0.0,
          1.0
        ]
      ]
    },
    {
      "file_path": "images/frame.0008.tonemap.jpg",
      "transform_matrix": [
        [
          -0.08546529521736423,
          -0.13547426058809042,
          0.9870878421050069,
          2.535147832204091
        ],
        [
          0.972809237113899,
          -0.2253926937832066,
          0.0532946692927499,
          -0.04140527684025108
        ],
        [
          0.21526233181697788,
          0.9648030152871931,
          0.1510538652052885,
          0.4691951679745232
        ],
        [
          0.0,
          0.0,
          0.0,
          1.0
        ]
      ]
    },
    {
      "file_path": "images/frame.0087.tonemap.jpg",
      "transform_matrix": [
        [
          0.5673710483361153,
          -0.1394350238537068,
          0.8115712954712568,
          1.0452650427641332
        ],
        [
          0.8231041827016211,
          0.06696844702734966,
          -0.5639279488745361,
          -0.682529620269755
        ],
        [
          0.024281637693408492,
          0.9879641194019455,
          0.15276550934443534,
          0.41842400003879954
        ],
        [
          0.0,
          0.0,
          0.0,
          1.0
        ]
      ]
    },
    {
      "file_path": "images/frame.0032.tonemap.jpg",
      "transform_matrix": [
        [
          -0.1937102396235522,
          -0.18323420250390343,
          0.9637953984626325,
          2.773638642623447
        ],
        [
          0.9798087809135282,
          0.01344286490176814,
          0.1994844410674135,
          -0.03320083990398981
        ],
        [
          -0.049508543805403385,
          0.9829773732980792,
          0.17693045999566362,
          0.474314837202761
        ],
        [
          0.0,
          0.0,
          0.0,
          1.0
        ]
      ]
    },
    {
      "file_path": "images/frame.0035.tonemap.jpg",
      "transform_matrix": [
        [
          0.11025851630790579,
          0.8304558697539768,
          -0.5460641976661217,
          1.11249622878149
        ],
        [
          -0.9914551813561343,
          0.13043503210723395,
          -0.0018236669815900445,
          1.702212596547614
        ],
        [
          0.06971142620585355,
          0.5415992529447865,
          0.837741348069913,
          0.704578053732567
        ],
        [
          0.0,
          0.0,
          0.0,
          1.0
        ]
      ]
    },
    {
      "file_path": "images/frame.0011.tonemap.jpg",
      "transform_matrix": [
        [
          0.044955976446732576,
          -0.4714254929112852,
          0.8807593115119889,
          1.317638570612667
        ],
        [
          0.9906726429198831,
          -0.09248669072578733,
          -0.10006960881669515,
          1.156431692689425
        ],
        [
          0.12863387870951667,
          0.8770428818888758,
          0.4628705095123268,
          0.6355422454886548
        ],
        [
          0.0,
          0.0,
          0.0,
          1.0
        ]
      ]
    },
    {
      "file_path": "images/frame.0075.tonemap.jpg",
      "transform_matrix": [
        [
          0.9949596793262732,
          0.02360274174254786,
          -0.09745843779373052,
          0.9753429492227186
        ],
        [
          -0.07910957758413704,
          0.7819896699928065,
          -0.6182506213171169,
          0.00019771067576135337
        ],
        [
          0.06161908186121612,
          0.6228443357748197,
          0.7799153942215813,
          0.621518712371993
        ],
        [
          0.0,
          0.0,
          0.0,
          1.0
        ]
      ]
    },
    {
      "file_path": "images/frame.0001.tonemap.jpg",
      "transform_matrix": [
        [
          0.749215612551295,
          -0.27902711966548677,
          0.6006828051480833,
          0.6219372886657402
        ],
        [
          0.6508631880978014,
          0.14216768777323122,
          -0.7457650158946711,
          -2.0662035376018375
        ],
        [
          0.12269097883933466,
          0.9497011187970641,
          0.28812273195124805,
          0.6186877274488936
        ],
        [
          0.0,
          0.0,
          0.0,
          1.0
        ]
      ]
    },
    {
      "file_path": "images/frame.0020.tonemap.jpg",
      "transform_matrix": [
        [
          -0.5655945292401915,
          -0.20612012211374942,
          0.7985094387378144,
          1.887677700999527
        ],
        [
          0.8246537620267846,
          -0.1495775501645652,
          0.5455022724625794,
          0.9901220114945277
        ],
        [
          0.007000090616369553,
          0.9670269136619623,
          0.25457797820075206,
          0.6922035097219021
        ],
        [
          0.0,
          0.0,
          0.0,
          1.0
        ]
      ]
    },
    {
      "file_path": "images/frame.0009.tonemap.jpg",
      "transform_matrix": [
        [
          -0.5871058386662372,
          -0.1052360416645239,
          0.8026407102426321,
          2.86756102298021
        ],
        [
          0.8091412963629754,
          -0.04635931362051668,
          0.5857825335059745,
          1.7633355371773693
        ],
        [
          -0.024435562691652667,
          0.993366090409481,
          0.11236865087970553,
          0.4791677939157042
        ],
        [
          0.0,
          0.0,
          0.0,
          1.0
        ]
      ]
    },
    {
      "file_path": "images/frame.0023.tonemap.jpg",
      "transform_matrix": [
        [
          -0.8917153762973543,
          -0.20016636162528328,
          0.40592747547876584,
          2.27139133835174
        ],
        [
          0.45175880387093514,
          -0.4481883695364359,
          0.7713891161647104,
          1.789064043530868
        ],
        [
          0.027525820604836555,
          0.871240846773134,
          0.4900833766963157,
          0.5673591579952388
        ],
        [
          0.0,
          0.0,
          0.0,
          1.0
        ]
      ]
    },
    {
      "file_path": "images/frame.0027.tonemap.jpg",
      "transform_matrix": [
        [
          0.25526517450714326,
          0.27975123615457737,
          -0.9255154977383273,
          -2.130014051732711
        ],
        [
          -0.9566488800279385,
          -0.06574811525511239,
          -0.2837254054216707,
          0.42955407820984326
        ],
        [
          -0.14022343251086322,
          0.9578185794869436,
          0.25084050263959573,
          0.6364205263546254
        ],
        [
          0.0,
          0.0,
          0.0,
          1.0
        ]
      ]
    },
    {
      "file_path": "images/frame.0004.tonemap.jpg",
      "transform_matrix": [
        [
          0.8090892620588306,
          -0.09371756648025117,
          0.5801651349005011,
          -0.30702445705550585
        ],
        [
          0.523574488024312,
          0.5633189473475431,
          -0.6391725268261581,
          -1.5310935379758683
        ],
        [
          -0.26691631930471493,
          0.8209072915331401,
          0.5048434383019628,
          0.4528757274734474
        ],
        [
          0.0,
          0.0,
          0.0,
          1.0
        ]
      ]
    },
    {
      "file_path": "images/frame.0096.tonemap.jpg",
      "transform_matrix": [
        [
          -0.6606647309914291,
          -0.1742831996733265,
          0.7301694868560656,
          1.1512974599967527
        ],
        [
          0.7506810908589067,
          -0.153236364838918,
          0.6426480501159527,
          1.0021613546239845
        ],
        [
          -0.00011424055591090016,
          0.9726993280570216,
          0.23206896420356166,
          0.6387980433552101
        ],
        [
          0.0,
          0.0,
          0.0,
          1.0
        ]
      ]
    },
    {
      "file_path": "images/frame.0039.tonemap.jpg",
      "transform_matrix": [
        [
          0.014003301153117423,
          -0.16495259549516214,
          0.9862020831433204,
          2.4732025904127406
        ],
        [
          0.9881491858040412,
          -0.14849396055378106,
          -0.038868113844932516,
          -0.31388485080656414
        ],
        [
          0.15285644949306398,
          0.9750590673997457,
          0.16091836728575407,
          0.6158489109814327
        ],
        [
          0.0,
          0.0,
          0.0,
          1.0
        ]
      ]
    },
    {
      "file_path": "images/frame.0099.tonemap.jpg",
      "transform_matrix": [
        [
          -0.41951819265163454,
          -0.007817547737453613,
          0.9077132652890333,
          2.2868951002472224
        ],
        [
          0.9042783331497412,
          -0.09093203227284043,
          0.417147529901181,
          1.5706505906450055
        ],
        [
          0.07927914120518438,
          0.9958264163267129,
          0.045216880870585216,
          0.11932268258568501
        ],
        [
          0.0,
          0.0,
          0.0,
          1.0
        ]
      ]
    },
    {
      "file_path": "images/frame.0018.tonemap.jpg",
      "transform_matrix": [
        [
          -0.0639445823589023,
          -0.44481155845442755,
          0.8933385516433783,
          1.2704246332923739
        ],
        [
          0.9978982523509227,
          -0.01908496499442684,
          0.06192610165459784,
          0.8665803910029651
        ],
        [
          -0.010496110799703128,
          0.89542081815005,
          0.44509705692306645,
          0.6222140146211919
        ],
        [
          0.0,
          0.0,
          0.0,
          1.0
        ]
      ]
    },
    {
      "file_path": "images/frame.0017.tonemap.jpg",
      "transform_matrix": [
        [
          0.25752774596175654,
          -0.3216166904873555,
          0.9111762532352441,
          2.499390520896065
        ],
        [
          0.9573413262311542,
          0.21282666404905953,
          -0.19545433267063592,
          0.35050579826699346
        ],
        [
          -0.13106122672183357,
          0.9226415964336906,
          0.3627057200823539,
          0.6798580177809646
        ],
        [
          0.0,
          0.0,
          0.0,
          1.0
        ]
      ]
    },
    {
      "file_path": "images/frame.0073.tonemap.jpg",
      "transform_matrix": [
        [
          -0.8851464942034277,
          0.2403361693391784,
          -0.39843971878660756,
          -0.8020834427591357
        ],
        [
          -0.44759258738814567,
          -0.6738263902166992,
          0.5878935886388945,
          -0.37956826842043534
        ],
        [
          -0.12718710435640193,
          0.6987106135982925,
          0.7040077548795406,
          0.6149943181011568
        ],
        [
          0.0,
          0.0,
          0.0,
          1.0
        ]
      ]
    },
    {
      "file_path": "images/frame.0085.tonemap.jpg",
      "transform_matrix": [
        [
          0.06503883588636727,
          -0.37195764443388346,
          0.9259683906990254,
          1.8058262453095137
        ],
        [
          0.9863521832193424,
          0.16461903636940478,
          -0.00315333525739361,
          0.1071764496496248
        ],
        [
          -0.15125911703095163,
          0.913536033012385,
          0.37758786514268644,
          0.6960545929307833
        ],
        [
          0.0,
          0.0,
          0.0,
          1.0
        ]
      ]
    },
    {
      "file_path": "images/frame.0072.tonemap.jpg",
      "transform_matrix": [
        [
          -0.7490765819139716,
          0.5693985420186791,
          -0.33862896328442366,
          -1.7948305175823245
        ],
        [
          -0.6604066494698131,
          -0.6013645968462193,
          0.44969287185371265,
          0.16237908821100877
        ],
        [
          0.05241499560370601,
          0.5604872184153593,
          0.8265027200371919,
          0.6467420978596241
        ],
        [
          0.0,
          0.0,
          0.0,
          1.0
        ]
      ]
    },
    {
      "file_path": "images/frame.0040.tonemap.jpg",
      "transform_matrix": [
        [
          -0.052688055928059786,
          -0.3068923020204429,
          0.9502847382353959,
          0.6125202403745025
        ],
        [
          0.9909291229695356,
          0.10173965488617748,
          0.08779815416322007,
          1.6137032187401268
        ],
        [
          -0.12362621895596701,
          0.9462907362878678,
          0.29874805506047486,
          0.7073169614239996
        ],
        [
          0.0,
          0.0,
          0.0,
          1.0
        ]
      ]
    },
    {
      "file_path": "images/frame.0031.tonemap.jpg",
      "transform_matrix": [
        [
          -0.6293588437362615,
          -0.1076566456418939,
          0.7696216553996462,
          1.8853538601192552
        ],
        [
          0.7748549587437759,
          -0.011461267552571479,
          0.6320351511239464,
          1.691652970866376
        ],
        [
          -0.05922194459098325,
          0.9941220679550495,
          0.0906315358119813,
          0.2903618871498834
        ],
        [
          0.0,
          0.0,
          0.0,
          1.0
        ]
      ]
    },
    {
      "file_path": "images/frame.0079.tonemap.jpg",
      "transform_matrix": [
        [
          -0.14884592703276395,
          -0.3363421716533167,
          0.9299025935942367,
          1.5172302098468191
        ],
        [
          0.9884456783443353,
          -0.07783808857526579,
          0.1300629575603899,
          -0.1406535631007073
        ],
        [
          0.02863618284904287,
          0.9385175414101112,
          0.34404184846811336,
          0.4895174881455375
        ],
        [
          0.0,
          0.0,
          0.0,
          1.0
        ]
      ]
    },
    {
      "file_path": "images/frame.0052.tonemap.jpg",
      "transform_matrix": [
        [
          -0.6676245893355819,
          0.061920728018071365,
          -0.7419186149142019,
          -1.821935769664409
        ],
        [
          -0.7444204918839291,
          -0.04113352090908934,
          0.6664429193268623,
          1.62572080924272
        ],
        [
          0.010748905887792192,
          0.9972331005834763,
          0.07355680881388102,
          0.07726692419401027
        ],
        [
          0.0,
          0.0,
          0.0,
          1.0
        ]
      ]
    },
    {
      "file_path": "images/frame.0019.tonemap.jpg",
      "transform_matrix": [
        [
          -0.6181759903485775,
          -0.19009228519116156,
          0.7627079179262253,
